{
 "cells": [
  {
   "cell_type": "code",
   "execution_count": 1,
   "metadata": {},
   "outputs": [],
   "source": [
    "import numpy as np"
   ]
  },
  {
   "cell_type": "code",
   "execution_count": 14,
   "metadata": {},
   "outputs": [],
   "source": [
    "arr=np.arange(50).reshape((10,5))"
   ]
  },
  {
   "cell_type": "code",
   "execution_count": 15,
   "metadata": {},
   "outputs": [
    {
     "data": {
      "text/plain": [
       "array([[ 0,  1,  2,  3,  4],\n",
       "       [ 5,  6,  7,  8,  9],\n",
       "       [10, 11, 12, 13, 14],\n",
       "       [15, 16, 17, 18, 19],\n",
       "       [20, 21, 22, 23, 24],\n",
       "       [25, 26, 27, 28, 29],\n",
       "       [30, 31, 32, 33, 34],\n",
       "       [35, 36, 37, 38, 39],\n",
       "       [40, 41, 42, 43, 44],\n",
       "       [45, 46, 47, 48, 49]])"
      ]
     },
     "execution_count": 15,
     "metadata": {},
     "output_type": "execute_result"
    }
   ],
   "source": [
    "arr"
   ]
  },
  {
   "cell_type": "code",
   "execution_count": 16,
   "metadata": {},
   "outputs": [
    {
     "data": {
      "text/plain": [
       "array([[ 0,  1,  2,  3,  4],\n",
       "       [ 5,  6,  7,  8,  9],\n",
       "       [10, 11, 12, 13, 14],\n",
       "       [15, 16, 17, 18, 19],\n",
       "       [20, 21, 22, 23, 24],\n",
       "       [25, 26, 27, 28, 29],\n",
       "       [30, 31, 32, 33, 34],\n",
       "       [35, 36, 37, 38, 39],\n",
       "       [40, 41, 42, 43, 44],\n",
       "       [45, 46, 47, 48, 49]])"
      ]
     },
     "execution_count": 16,
     "metadata": {},
     "output_type": "execute_result"
    }
   ],
   "source": [
    "arr.reshape((10,5))"
   ]
  },
  {
   "cell_type": "code",
   "execution_count": 17,
   "metadata": {},
   "outputs": [
    {
     "data": {
      "text/plain": [
       "array([[ 0,  5, 10, 15, 20, 25, 30, 35, 40, 45],\n",
       "       [ 1,  6, 11, 16, 21, 26, 31, 36, 41, 46],\n",
       "       [ 2,  7, 12, 17, 22, 27, 32, 37, 42, 47],\n",
       "       [ 3,  8, 13, 18, 23, 28, 33, 38, 43, 48],\n",
       "       [ 4,  9, 14, 19, 24, 29, 34, 39, 44, 49]])"
      ]
     },
     "execution_count": 17,
     "metadata": {},
     "output_type": "execute_result"
    }
   ],
   "source": [
    "arr.T"
   ]
  },
  {
   "cell_type": "code",
   "execution_count": 18,
   "metadata": {},
   "outputs": [
    {
     "data": {
      "text/plain": [
       "array([[ 0,  5, 10, 15, 20, 25, 30, 35, 40, 45],\n",
       "       [ 1,  6, 11, 16, 21, 26, 31, 36, 41, 46],\n",
       "       [ 2,  7, 12, 17, 22, 27, 32, 37, 42, 47],\n",
       "       [ 3,  8, 13, 18, 23, 28, 33, 38, 43, 48],\n",
       "       [ 4,  9, 14, 19, 24, 29, 34, 39, 44, 49]])"
      ]
     },
     "execution_count": 18,
     "metadata": {},
     "output_type": "execute_result"
    }
   ],
   "source": [
    "arr.T"
   ]
  },
  {
   "cell_type": "code",
   "execution_count": 19,
   "metadata": {},
   "outputs": [
    {
     "data": {
      "text/plain": [
       "array([[ 0,  1,  2,  3,  4],\n",
       "       [ 5,  6,  7,  8,  9],\n",
       "       [10, 11, 12, 13, 14],\n",
       "       [15, 16, 17, 18, 19],\n",
       "       [20, 21, 22, 23, 24],\n",
       "       [25, 26, 27, 28, 29],\n",
       "       [30, 31, 32, 33, 34],\n",
       "       [35, 36, 37, 38, 39],\n",
       "       [40, 41, 42, 43, 44],\n",
       "       [45, 46, 47, 48, 49]])"
      ]
     },
     "execution_count": 19,
     "metadata": {},
     "output_type": "execute_result"
    }
   ],
   "source": [
    "arr"
   ]
  },
  {
   "cell_type": "code",
   "execution_count": 20,
   "metadata": {},
   "outputs": [
    {
     "data": {
      "text/plain": [
       "array([[ 0,  1,  2,  3,  4],\n",
       "       [ 5,  6,  7,  8,  9],\n",
       "       [10, 11, 12, 13, 14],\n",
       "       [15, 16, 17, 18, 19],\n",
       "       [20, 21, 22, 23, 24],\n",
       "       [25, 26, 27, 28, 29],\n",
       "       [30, 31, 32, 33, 34],\n",
       "       [35, 36, 37, 38, 39],\n",
       "       [40, 41, 42, 43, 44],\n",
       "       [45, 46, 47, 48, 49]])"
      ]
     },
     "execution_count": 20,
     "metadata": {},
     "output_type": "execute_result"
    }
   ],
   "source": [
    "arr.reshape((10,5))"
   ]
  },
  {
   "cell_type": "code",
   "execution_count": 21,
   "metadata": {},
   "outputs": [
    {
     "data": {
      "text/plain": [
       "array([[ 0,  1,  2,  3,  4],\n",
       "       [ 5,  6,  7,  8,  9],\n",
       "       [10, 11, 12, 13, 14],\n",
       "       [15, 16, 17, 18, 19],\n",
       "       [20, 21, 22, 23, 24],\n",
       "       [25, 26, 27, 28, 29],\n",
       "       [30, 31, 32, 33, 34],\n",
       "       [35, 36, 37, 38, 39],\n",
       "       [40, 41, 42, 43, 44],\n",
       "       [45, 46, 47, 48, 49]])"
      ]
     },
     "execution_count": 21,
     "metadata": {},
     "output_type": "execute_result"
    }
   ],
   "source": [
    "arr"
   ]
  },
  {
   "cell_type": "code",
   "execution_count": 23,
   "metadata": {},
   "outputs": [
    {
     "data": {
      "text/plain": [
       "array([[   30,    80,   130,   180,   230,   280,   330,   380,   430,\n",
       "          480],\n",
       "       [   80,   255,   430,   605,   780,   955,  1130,  1305,  1480,\n",
       "         1655],\n",
       "       [  130,   430,   730,  1030,  1330,  1630,  1930,  2230,  2530,\n",
       "         2830],\n",
       "       [  180,   605,  1030,  1455,  1880,  2305,  2730,  3155,  3580,\n",
       "         4005],\n",
       "       [  230,   780,  1330,  1880,  2430,  2980,  3530,  4080,  4630,\n",
       "         5180],\n",
       "       [  280,   955,  1630,  2305,  2980,  3655,  4330,  5005,  5680,\n",
       "         6355],\n",
       "       [  330,  1130,  1930,  2730,  3530,  4330,  5130,  5930,  6730,\n",
       "         7530],\n",
       "       [  380,  1305,  2230,  3155,  4080,  5005,  5930,  6855,  7780,\n",
       "         8705],\n",
       "       [  430,  1480,  2530,  3580,  4630,  5680,  6730,  7780,  8830,\n",
       "         9880],\n",
       "       [  480,  1655,  2830,  4005,  5180,  6355,  7530,  8705,  9880,\n",
       "        11055]])"
      ]
     },
     "execution_count": 23,
     "metadata": {},
     "output_type": "execute_result"
    }
   ],
   "source": [
    "np.dot(arr,arr.T)"
   ]
  },
  {
   "cell_type": "code",
   "execution_count": 24,
   "metadata": {},
   "outputs": [
    {
     "data": {
      "text/plain": [
       "array([[7125, 7350, 7575, 7800, 8025],\n",
       "       [7350, 7585, 7820, 8055, 8290],\n",
       "       [7575, 7820, 8065, 8310, 8555],\n",
       "       [7800, 8055, 8310, 8565, 8820],\n",
       "       [8025, 8290, 8555, 8820, 9085]])"
      ]
     },
     "execution_count": 24,
     "metadata": {},
     "output_type": "execute_result"
    }
   ],
   "source": [
    "np.dot(arr.T,arr)"
   ]
  },
  {
   "cell_type": "code",
   "execution_count": 27,
   "metadata": {},
   "outputs": [],
   "source": [
    "arr3d=np.arange(50).reshape((5,2,5))"
   ]
  },
  {
   "cell_type": "code",
   "execution_count": 28,
   "metadata": {},
   "outputs": [
    {
     "data": {
      "text/plain": [
       "array([[[ 0,  1,  2,  3,  4],\n",
       "        [ 5,  6,  7,  8,  9]],\n",
       "\n",
       "       [[10, 11, 12, 13, 14],\n",
       "        [15, 16, 17, 18, 19]],\n",
       "\n",
       "       [[20, 21, 22, 23, 24],\n",
       "        [25, 26, 27, 28, 29]],\n",
       "\n",
       "       [[30, 31, 32, 33, 34],\n",
       "        [35, 36, 37, 38, 39]],\n",
       "\n",
       "       [[40, 41, 42, 43, 44],\n",
       "        [45, 46, 47, 48, 49]]])"
      ]
     },
     "execution_count": 28,
     "metadata": {},
     "output_type": "execute_result"
    }
   ],
   "source": [
    "arr3d"
   ]
  },
  {
   "cell_type": "code",
   "execution_count": 29,
   "metadata": {},
   "outputs": [
    {
     "data": {
      "text/plain": [
       "array([[[ 0, 10, 20, 30, 40],\n",
       "        [ 5, 15, 25, 35, 45]],\n",
       "\n",
       "       [[ 1, 11, 21, 31, 41],\n",
       "        [ 6, 16, 26, 36, 46]],\n",
       "\n",
       "       [[ 2, 12, 22, 32, 42],\n",
       "        [ 7, 17, 27, 37, 47]],\n",
       "\n",
       "       [[ 3, 13, 23, 33, 43],\n",
       "        [ 8, 18, 28, 38, 48]],\n",
       "\n",
       "       [[ 4, 14, 24, 34, 44],\n",
       "        [ 9, 19, 29, 39, 49]]])"
      ]
     },
     "execution_count": 29,
     "metadata": {},
     "output_type": "execute_result"
    }
   ],
   "source": [
    "arr3d.T"
   ]
  },
  {
   "cell_type": "code",
   "execution_count": 41,
   "metadata": {},
   "outputs": [
    {
     "data": {
      "text/plain": [
       "array([[[ 0,  1,  2,  3,  4],\n",
       "        [10, 11, 12, 13, 14],\n",
       "        [20, 21, 22, 23, 24],\n",
       "        [30, 31, 32, 33, 34],\n",
       "        [40, 41, 42, 43, 44]],\n",
       "\n",
       "       [[ 5,  6,  7,  8,  9],\n",
       "        [15, 16, 17, 18, 19],\n",
       "        [25, 26, 27, 28, 29],\n",
       "        [35, 36, 37, 38, 39],\n",
       "        [45, 46, 47, 48, 49]]])"
      ]
     },
     "execution_count": 41,
     "metadata": {},
     "output_type": "execute_result"
    }
   ],
   "source": [
    "arr3d.transpose((1,0,2))"
   ]
  },
  {
   "cell_type": "code",
   "execution_count": 42,
   "metadata": {},
   "outputs": [
    {
     "data": {
      "text/plain": [
       "array([[[ 0,  1,  2,  3,  4],\n",
       "        [ 5,  6,  7,  8,  9]],\n",
       "\n",
       "       [[10, 11, 12, 13, 14],\n",
       "        [15, 16, 17, 18, 19]],\n",
       "\n",
       "       [[20, 21, 22, 23, 24],\n",
       "        [25, 26, 27, 28, 29]],\n",
       "\n",
       "       [[30, 31, 32, 33, 34],\n",
       "        [35, 36, 37, 38, 39]],\n",
       "\n",
       "       [[40, 41, 42, 43, 44],\n",
       "        [45, 46, 47, 48, 49]]])"
      ]
     },
     "execution_count": 42,
     "metadata": {},
     "output_type": "execute_result"
    }
   ],
   "source": [
    "arr3d"
   ]
  },
  {
   "cell_type": "code",
   "execution_count": 46,
   "metadata": {},
   "outputs": [
    {
     "data": {
      "text/plain": [
       "array([[[ 0,  1,  2,  3,  4],\n",
       "        [10, 11, 12, 13, 14],\n",
       "        [20, 21, 22, 23, 24],\n",
       "        [30, 31, 32, 33, 34],\n",
       "        [40, 41, 42, 43, 44]],\n",
       "\n",
       "       [[ 5,  6,  7,  8,  9],\n",
       "        [15, 16, 17, 18, 19],\n",
       "        [25, 26, 27, 28, 29],\n",
       "        [35, 36, 37, 38, 39],\n",
       "        [45, 46, 47, 48, 49]]])"
      ]
     },
     "execution_count": 46,
     "metadata": {},
     "output_type": "execute_result"
    }
   ],
   "source": [
    "arr3d.swapaxes(0,1)"
   ]
  },
  {
   "cell_type": "code",
   "execution_count": 47,
   "metadata": {},
   "outputs": [
    {
     "data": {
      "text/plain": [
       "array([[[ 0,  5],\n",
       "        [ 1,  6],\n",
       "        [ 2,  7],\n",
       "        [ 3,  8],\n",
       "        [ 4,  9]],\n",
       "\n",
       "       [[10, 15],\n",
       "        [11, 16],\n",
       "        [12, 17],\n",
       "        [13, 18],\n",
       "        [14, 19]],\n",
       "\n",
       "       [[20, 25],\n",
       "        [21, 26],\n",
       "        [22, 27],\n",
       "        [23, 28],\n",
       "        [24, 29]],\n",
       "\n",
       "       [[30, 35],\n",
       "        [31, 36],\n",
       "        [32, 37],\n",
       "        [33, 38],\n",
       "        [34, 39]],\n",
       "\n",
       "       [[40, 45],\n",
       "        [41, 46],\n",
       "        [42, 47],\n",
       "        [43, 48],\n",
       "        [44, 49]]])"
      ]
     },
     "execution_count": 47,
     "metadata": {},
     "output_type": "execute_result"
    }
   ],
   "source": [
    "arr3d.swapaxes(1,2)"
   ]
  },
  {
   "cell_type": "code",
   "execution_count": 48,
   "metadata": {},
   "outputs": [
    {
     "data": {
      "text/plain": [
       "array([[[ 0,  1,  2,  3,  4],\n",
       "        [10, 11, 12, 13, 14],\n",
       "        [20, 21, 22, 23, 24],\n",
       "        [30, 31, 32, 33, 34],\n",
       "        [40, 41, 42, 43, 44]],\n",
       "\n",
       "       [[ 5,  6,  7,  8,  9],\n",
       "        [15, 16, 17, 18, 19],\n",
       "        [25, 26, 27, 28, 29],\n",
       "        [35, 36, 37, 38, 39],\n",
       "        [45, 46, 47, 48, 49]]])"
      ]
     },
     "execution_count": 48,
     "metadata": {},
     "output_type": "execute_result"
    }
   ],
   "source": [
    "arr3d.swapaxes(1,0)"
   ]
  },
  {
   "cell_type": "code",
   "execution_count": 49,
   "metadata": {},
   "outputs": [
    {
     "data": {
      "text/plain": [
       "array([[[ 0,  1,  2,  3,  4],\n",
       "        [10, 11, 12, 13, 14],\n",
       "        [20, 21, 22, 23, 24],\n",
       "        [30, 31, 32, 33, 34],\n",
       "        [40, 41, 42, 43, 44]],\n",
       "\n",
       "       [[ 5,  6,  7,  8,  9],\n",
       "        [15, 16, 17, 18, 19],\n",
       "        [25, 26, 27, 28, 29],\n",
       "        [35, 36, 37, 38, 39],\n",
       "        [45, 46, 47, 48, 49]]])"
      ]
     },
     "execution_count": 49,
     "metadata": {},
     "output_type": "execute_result"
    }
   ],
   "source": [
    "arr3d.swapaxes(0,1)"
   ]
  },
  {
   "cell_type": "code",
   "execution_count": 50,
   "metadata": {},
   "outputs": [
    {
     "data": {
      "text/plain": [
       "array([[[ 0, 10, 20, 30, 40],\n",
       "        [ 5, 15, 25, 35, 45]],\n",
       "\n",
       "       [[ 1, 11, 21, 31, 41],\n",
       "        [ 6, 16, 26, 36, 46]],\n",
       "\n",
       "       [[ 2, 12, 22, 32, 42],\n",
       "        [ 7, 17, 27, 37, 47]],\n",
       "\n",
       "       [[ 3, 13, 23, 33, 43],\n",
       "        [ 8, 18, 28, 38, 48]],\n",
       "\n",
       "       [[ 4, 14, 24, 34, 44],\n",
       "        [ 9, 19, 29, 39, 49]]])"
      ]
     },
     "execution_count": 50,
     "metadata": {},
     "output_type": "execute_result"
    }
   ],
   "source": [
    "arr3d.swapaxes(0,2)"
   ]
  },
  {
   "cell_type": "code",
   "execution_count": null,
   "metadata": {},
   "outputs": [],
   "source": []
  }
 ],
 "metadata": {
  "kernelspec": {
   "display_name": "Python 3",
   "language": "python",
   "name": "python3"
  },
  "language_info": {
   "codemirror_mode": {
    "name": "ipython",
    "version": 3
   },
   "file_extension": ".py",
   "mimetype": "text/x-python",
   "name": "python",
   "nbconvert_exporter": "python",
   "pygments_lexer": "ipython3",
   "version": "3.7.3"
  }
 },
 "nbformat": 4,
 "nbformat_minor": 2
}
